
Sorted by Percentage of Text Occurrences (imap_df):
    sid  text_count  unique_text_count  Percentage
1734662        5688                  0   27.856408
1230917        2362                  2   11.567658
1704669        2180                  0   10.676331
1513855        1859                  1    9.104266
1531727        1844                  2    9.030805
1783777        1359                518    6.655566
1397937         954                  1    4.672119
1680903         506                  1    2.478084
1988637         361                  1    1.767961
1668318         353                  0    1.728782
1415573         335                  4    1.640629
1550184         305                  0    1.493707
1419527         175                  1    0.857045
1971745         160                  0    0.783584
1420744         157                  0    0.768892
1987844         139                  1    0.680739
1848442         133                  0    0.651354
1657149         125                  0    0.612175
1866709         124                  0    0.607278
1292430         123                  0    0.602380
1739844         123                  0    0.602380
1018113         122                  1    0.597483
1063876         117                  0    0.572996
3000002         107                  1    0.524022
1238219         105                  0    0.514227
1779278         104                  0    0.509330
1335091         104                  0    0.509330
1215197          76                  1    0.372202
1230272          55                  0    0.269357
1666247          32                  0    0.156717
1018504          25                  0    0.122435
1396997          19                  0    0.093051
1547453          14                  1    0.068564
1226089          14                  0    0.068564
1034927          14                  0    0.068564
1801794          14                  0    0.068564
1247736          13                  0    0.063666
3000044          12                  0    0.058769
1593138          11                  0    0.053871
1972911          10                  0    0.048974
1398061           9                  1    0.044077
3000024           8                  0    0.039179
1619115           8                  0    0.039179
1652949           8                  0    0.039179
1604683           7                  0    0.034282
1491662           7                  0    0.034282
1602037           7                  1    0.034282
3000005           6                  0    0.029384
3000014           5                  0    0.024487
3000015           5                  0    0.024487
3000013           4                  0    0.019590
1414500           3                  0    0.014692
3000004           3                  0    0.014692
3000001           3                  0    0.014692
3000007           2                  0    0.009795
3000006           1                  0    0.004897

Number of SIDs with zero unique texts: 40
Total number of unique SIDs: 56
Total number of SIDs (including duplicates): 20419
Total number of binary (including duplicates): 10190
49.90% of rows have no text

SIDs with 5 or more unique texts (imap_df):
    sid  unique_text_count
1783777                518