
Sorted by Percentage of Text Occurrences (pop_df):
    sid  text_count  unique_text_count  Percentage
1176066       10248                267   15.090117
1734662        7459                  1   10.983331
1335091        6152                  1    9.058782
1783777        5392                684    7.939687
1291514        5271                  1    7.761515
1161912        5069                131    7.464071
1407638        3853                  1    5.673519
1415573        3490                  3    5.139003
1704669        3126                  0    4.603016
1051746        3043                  0    4.480799
1988637        2974                  1    4.379197
1744896        2135                  0    3.143774
1648627        1965                 45    2.893450
1341424        1218                  1    1.793497
1213411        1209                  1    1.780245
1872707        1093                  1    1.609436
1454621         525                 15    0.773059
1550184         452                  0    0.665567
1668318         377                  0    0.555130
1419527         236                  1    0.347509
1420744         208                  0    0.306279
1971745         182                  0    0.267994
1657149         181                  0    0.266521
1987844         175                  1    0.257686
1018113         173                  2    0.254741
1866709         161                  0    0.237072
1848442         160                  1    0.235599
1238219         159                  0    0.234127
1739844         158                  0    0.232654
3000002         152                  1    0.223819
1292430         150                  1    0.220874
1063876         145                  1    0.213512
1779278         143                  0    0.210567
1230272          82                  0    0.120744
1215197          45                  1    0.066262
1666247          35                  0    0.051537
1652949          28                  1    0.041230
1680903          23                  1    0.033867
1547453          18                  1    0.026505
1801794          17                  0    0.025032
1396997          16                  1    0.023560
1018504          15                  0    0.022087
1034927          15                  0    0.022087
1619115          14                  0    0.020615
1226089          14                  1    0.020615
3000044          13                  0    0.019142
1398061          13                  1    0.019142
1593138          13                  0    0.019142
1972911          13                  1    0.019142
1247736          12                  0    0.017670
1602037          11                  1    0.016197
1491662          11                 11    0.016197
1604683           9                  1    0.013252
3000004           8                  0    0.011780
1414500           7                  1    0.010307
3000005           6                  0    0.008835
1764655           6                  1    0.008835
3000007           6                  0    0.008835
1341952           5                  0    0.007362
3000001           5                  1    0.007362
1806834           4                  0    0.005890
1776829           3                  1    0.004417
1852737           2                  1    0.002945
1846733           2                  0    0.002945
1397090           2                  1    0.002945
3000006           2                  1    0.002945
1016723           1                  1    0.001472
1050730           1                  0    0.001472
3000008           1                  0    0.001472

Number of SIDs with zero unique texts: 29
Total number of unique SIDs: 69
Total number of SIDs (including duplicates): 67912
Total number of binary (including duplicates): 18000
26.50% of rows have no text

SIDs with 5 or more unique texts (pop_df):
    sid  unique_text_count
1161912                131
1176066                267
1454621                 15
1491662                 11
1648627                 45
1783777                684