
Sorted by Percentage of Text Occurrences (smtp_df):
    sid  text_count  unique_text_count  Percentage
1454621      472512               2660   26.180010
1875263      430740                  2   23.865589
1988637      372257                  3   20.625279
1164025      361911                  2   20.052048
3000026       66423               6257    3.680234
1734662       17445                  0    0.966558
1546462       12519                934    0.693628
1516300       12021               9954    0.666036
1506260       10543                  3    0.584146
1335091       10049                  0    0.556775
1987844        6941                  2    0.384573
3000025        6481               1014    0.359086
1942313        4906               4596    0.271822
1704669        4209                  0    0.233204
3000019        2940                101    0.162894
1783777        2700               1197    0.149596
1415573        2388                  3    0.132310
1425571        1642                  1    0.090977
1411291        1397                  0    0.077402
1239754        1352               1305    0.074909
1550184         711                  0    0.039394
1725167         492                  1    0.027260
1291514         393                  1    0.021775
1419527         232                  1    0.012854
1018113         226                  2    0.012522
3000002         218                  1    0.012079
1238219         199                  0    0.011026
1739844         190                  0    0.010527
1292430         186                  0    0.010306
1763524         145                 69    0.008034
1648627         103                  1    0.005707
1680903          57                  1    0.003158
3000023          56                  2    0.003103
1666247          50                  0    0.002770
1602037          31                  1    0.001718
1034927          27                  0    0.001496
1226089          26                  0    0.001441
1491662          26                  0    0.001441
1547453          26                  1    0.001441
1619115          25                  0    0.001385
1398061          22                  1    0.001219
1668318          10                  0    0.000554
3000020          10                  0    0.000554
1215197           5                  1    0.000277
3000024           5                  4    0.000277
1745325           5                  1    0.000277
1462046           2                  0    0.000111
3000021           2                  2    0.000111
3000003           1                  1    0.000055
3000027           1                  1    0.000055

Number of SIDs with zero unique texts: 16
Total number of unique SIDs: 50
Total number of SIDs (including duplicates): 1804858
Total number of binary (including duplicates): 34562
1.91% of rows have no text

SIDs with 5 or more unique texts (smtp_df):
    sid  unique_text_count
1239754               1305
1454621               2660
1516300               9954
1546462                934
1763524                 69
1783777               1197
1942313               4596
3000019                101
3000025               1014
3000026               6257